(kicad_pcb (version 20171130) (host pcbnew 5.1.10-88a1d61d58~90~ubuntu20.04.1)

  (general
    (thickness 1.6002)
    (drawings 22)
    (tracks 223)
    (zones 0)
    (modules 44)
    (nets 19)
  )

  (page USLetter)
  (title_block
    (rev 1)
  )

  (layers
    (0 Front signal)
    (1 In1.Cu signal)
    (2 In2.Cu signal)
    (31 Back signal)
    (34 B.Paste user hide)
    (35 F.Paste user)
    (36 B.SilkS user)
    (37 F.SilkS user)
    (38 B.Mask user)
    (39 F.Mask user)
    (44 Edge.Cuts user)
    (45 Margin user)
    (46 B.CrtYd user)
    (47 F.CrtYd user)
    (49 F.Fab user hide)
  )

  (setup
    (last_trace_width 0.8)
    (user_trace_width 0.15)
    (user_trace_width 0.2)
    (user_trace_width 0.254)
    (user_trace_width 0.4)
    (user_trace_width 0.6)
    (user_trace_width 0.8)
    (user_trace_width 1)
    (trace_clearance 0.127)
    (zone_clearance 0.508)
    (zone_45_only no)
    (trace_min 0.127)
    (via_size 0.6)
    (via_drill 0.3)
    (via_min_size 0.6)
    (via_min_drill 0.3)
    (user_via 0.6 0.3)
    (user_via 0.9 0.4)
    (uvia_size 0.6858)
    (uvia_drill 0.3302)
    (uvias_allowed no)
    (uvia_min_size 0)
    (uvia_min_drill 0)
    (edge_width 0.0381)
    (segment_width 0.254)
    (pcb_text_width 0.3048)
    (pcb_text_size 1.524 1.524)
    (mod_edge_width 0.1524)
    (mod_text_size 0.8128 0.8128)
    (mod_text_width 0.1524)
    (pad_size 1.524 1.524)
    (pad_drill 0.762)
    (pad_to_mask_clearance 0)
    (solder_mask_min_width 0.12)
    (aux_axis_origin 0 0)
    (visible_elements FEFFFF7F)
    (pcbplotparams
      (layerselection 0x010fc_ffffffff)
      (usegerberextensions false)
      (usegerberattributes false)
      (usegerberadvancedattributes false)
      (creategerberjobfile false)
      (excludeedgelayer true)
      (linewidth 0.152400)
      (plotframeref false)
      (viasonmask false)
      (mode 1)
      (useauxorigin false)
      (hpglpennumber 1)
      (hpglpenspeed 20)
      (hpglpendiameter 15.000000)
      (psnegative false)
      (psa4output false)
      (plotreference true)
      (plotvalue false)
      (plotinvisibletext false)
      (padsonsilk false)
      (subtractmaskfromsilk true)
      (outputformat 1)
      (mirror false)
      (drillshape 0)
      (scaleselection 1)
      (outputdirectory "./gerbers"))
  )

  (net 0 "")
  (net 1 +BATT)
  (net 2 GND)
  (net 3 +VDC)
  (net 4 GND1)
  (net 5 VCC1)
  (net 6 "Net-(D1-Pad1)")
  (net 7 "Net-(Q1-Pad3)")
  (net 8 "Net-(Q1-Pad1)")
  (net 9 "Net-(R1-Pad1)")
  (net 10 "Net-(R2-Pad1)")
  (net 11 "Net-(R11-Pad1)")
  (net 12 "Net-(R5-Pad1)")
  (net 13 "Net-(R6-Pad1)")
  (net 14 "Net-(R11-Pad2)")
  (net 15 "Net-(R10-Pad1)")
  (net 16 "Net-(R14-Pad1)")
  (net 17 "Net-(RV1-Pad3)")
  (net 18 "Net-(C9-Pad2)")

  (net_class Default "This is the default net class."
    (clearance 0.127)
    (trace_width 0.127)
    (via_dia 0.6)
    (via_drill 0.3)
    (uvia_dia 0.6858)
    (uvia_drill 0.3302)
    (diff_pair_width 0.1524)
    (diff_pair_gap 0.254)
    (add_net +BATT)
    (add_net +VDC)
    (add_net GND)
    (add_net GND1)
    (add_net "Net-(C9-Pad2)")
    (add_net "Net-(D1-Pad1)")
    (add_net "Net-(Q1-Pad1)")
    (add_net "Net-(Q1-Pad3)")
    (add_net "Net-(R1-Pad1)")
    (add_net "Net-(R10-Pad1)")
    (add_net "Net-(R11-Pad1)")
    (add_net "Net-(R11-Pad2)")
    (add_net "Net-(R14-Pad1)")
    (add_net "Net-(R2-Pad1)")
    (add_net "Net-(R5-Pad1)")
    (add_net "Net-(R6-Pad1)")
    (add_net "Net-(RV1-Pad3)")
    (add_net VCC1)
  )

  (module TerminalBlock:TerminalBlock_bornier-4_P5.08mm (layer Front) (tedit 59FF03D1) (tstamp 615864A5)
    (at 4 46 270)
    (descr "simple 4-pin terminal block, pitch 5.08mm, revamped version of bornier4")
    (tags "terminal block bornier4")
    (path /61590C39)
    (fp_text reference J4 (at 7.6 -4.8 90) (layer F.SilkS)
      (effects (font (size 1 1) (thickness 0.15)))
    )
    (fp_text value Screw_Terminal_01x04 (at 7.6 4.75 90) (layer F.Fab)
      (effects (font (size 1 1) (thickness 0.15)))
    )
    (fp_line (start 17.97 4) (end -2.73 4) (layer F.CrtYd) (width 0.05))
    (fp_line (start 17.97 4) (end 17.97 -4) (layer F.CrtYd) (width 0.05))
    (fp_line (start -2.73 -4) (end -2.73 4) (layer F.CrtYd) (width 0.05))
    (fp_line (start -2.73 -4) (end 17.97 -4) (layer F.CrtYd) (width 0.05))
    (fp_line (start -2.54 3.81) (end 17.78 3.81) (layer F.SilkS) (width 0.12))
    (fp_line (start -2.54 -3.81) (end 17.78 -3.81) (layer F.SilkS) (width 0.12))
    (fp_line (start 17.78 2.54) (end -2.54 2.54) (layer F.SilkS) (width 0.12))
    (fp_line (start 17.78 3.81) (end 17.78 -3.81) (layer F.SilkS) (width 0.12))
    (fp_line (start -2.54 -3.81) (end -2.54 3.81) (layer F.SilkS) (width 0.12))
    (fp_line (start 17.72 3.75) (end -2.43 3.75) (layer F.Fab) (width 0.1))
    (fp_line (start 17.72 -3.75) (end 17.72 3.75) (layer F.Fab) (width 0.1))
    (fp_line (start -2.48 -3.75) (end 17.72 -3.75) (layer F.Fab) (width 0.1))
    (fp_line (start -2.48 3.75) (end -2.48 -3.75) (layer F.Fab) (width 0.1))
    (fp_line (start -2.43 3.75) (end -2.48 3.75) (layer F.Fab) (width 0.1))
    (fp_line (start -2.48 2.55) (end 17.72 2.55) (layer F.Fab) (width 0.1))
    (fp_text user %R (at 7.62 0 90) (layer F.Fab)
      (effects (font (size 1 1) (thickness 0.15)))
    )
    (pad 2 thru_hole circle (at 5.08 0 270) (size 3 3) (drill 1.52) (layers *.Cu *.Mask)
      (net 5 VCC1))
    (pad 3 thru_hole circle (at 10.16 0 270) (size 3 3) (drill 1.52) (layers *.Cu *.Mask)
      (net 4 GND1))
    (pad 1 thru_hole rect (at 0 0 270) (size 3 3) (drill 1.52) (layers *.Cu *.Mask)
      (net 5 VCC1))
    (pad 4 thru_hole circle (at 15.24 0 270) (size 3 3) (drill 1.52) (layers *.Cu *.Mask)
      (net 4 GND1))
    (model ${KISYS3DMOD}/TerminalBlock.3dshapes/TerminalBlock_bornier-4_P5.08mm.wrl
      (offset (xyz 7.619999885559082 0 0))
      (scale (xyz 1 1 1))
      (rotate (xyz 0 0 0))
    )
  )

  (module Connector_BarrelJack:BarrelJack_Horizontal (layer Front) (tedit 5A1DBF6A) (tstamp 61583DD8)
    (at 14 74.5)
    (descr "DC Barrel Jack")
    (tags "Power Jack")
    (path /61722371)
    (fp_text reference J2 (at -8.45 5.75) (layer F.SilkS)
      (effects (font (size 1 1) (thickness 0.15)))
    )
    (fp_text value Barrel_Jack (at -6.2 -5.5) (layer F.Fab)
      (effects (font (size 1 1) (thickness 0.15)))
    )
    (fp_line (start 0 -4.5) (end -13.7 -4.5) (layer F.Fab) (width 0.1))
    (fp_line (start 0.8 4.5) (end 0.8 -3.75) (layer F.Fab) (width 0.1))
    (fp_line (start -13.7 4.5) (end 0.8 4.5) (layer F.Fab) (width 0.1))
    (fp_line (start -13.7 -4.5) (end -13.7 4.5) (layer F.Fab) (width 0.1))
    (fp_line (start -10.2 -4.5) (end -10.2 4.5) (layer F.Fab) (width 0.1))
    (fp_line (start 0.9 -4.6) (end 0.9 -2) (layer F.SilkS) (width 0.12))
    (fp_line (start -13.8 -4.6) (end 0.9 -4.6) (layer F.SilkS) (width 0.12))
    (fp_line (start 0.9 4.6) (end -1 4.6) (layer F.SilkS) (width 0.12))
    (fp_line (start 0.9 1.9) (end 0.9 4.6) (layer F.SilkS) (width 0.12))
    (fp_line (start -13.8 4.6) (end -13.8 -4.6) (layer F.SilkS) (width 0.12))
    (fp_line (start -5 4.6) (end -13.8 4.6) (layer F.SilkS) (width 0.12))
    (fp_line (start -14 4.75) (end -14 -4.75) (layer F.CrtYd) (width 0.05))
    (fp_line (start -5 4.75) (end -14 4.75) (layer F.CrtYd) (width 0.05))
    (fp_line (start -5 6.75) (end -5 4.75) (layer F.CrtYd) (width 0.05))
    (fp_line (start -1 6.75) (end -5 6.75) (layer F.CrtYd) (width 0.05))
    (fp_line (start -1 4.75) (end -1 6.75) (layer F.CrtYd) (width 0.05))
    (fp_line (start 1 4.75) (end -1 4.75) (layer F.CrtYd) (width 0.05))
    (fp_line (start 1 2) (end 1 4.75) (layer F.CrtYd) (width 0.05))
    (fp_line (start 2 2) (end 1 2) (layer F.CrtYd) (width 0.05))
    (fp_line (start 2 -2) (end 2 2) (layer F.CrtYd) (width 0.05))
    (fp_line (start 1 -2) (end 2 -2) (layer F.CrtYd) (width 0.05))
    (fp_line (start 1 -4.5) (end 1 -2) (layer F.CrtYd) (width 0.05))
    (fp_line (start 1 -4.75) (end -14 -4.75) (layer F.CrtYd) (width 0.05))
    (fp_line (start 1 -4.5) (end 1 -4.75) (layer F.CrtYd) (width 0.05))
    (fp_line (start 0.05 -4.8) (end 1.1 -4.8) (layer F.SilkS) (width 0.12))
    (fp_line (start 1.1 -3.75) (end 1.1 -4.8) (layer F.SilkS) (width 0.12))
    (fp_line (start -0.003213 -4.505425) (end 0.8 -3.75) (layer F.Fab) (width 0.1))
    (fp_text user %R (at -3 -2.95) (layer F.Fab)
      (effects (font (size 1 1) (thickness 0.15)))
    )
    (pad 1 thru_hole rect (at 0 0) (size 3.5 3.5) (drill oval 1 3) (layers *.Cu *.Mask)
      (net 1 +BATT))
    (pad 2 thru_hole roundrect (at -6 0) (size 3 3.5) (drill oval 1 3) (layers *.Cu *.Mask) (roundrect_rratio 0.25)
      (net 2 GND))
    (pad 3 thru_hole roundrect (at -3 4.7) (size 3.5 3.5) (drill oval 3 1) (layers *.Cu *.Mask) (roundrect_rratio 0.25))
    (model ${KISYS3DMOD}/Connector_BarrelJack.3dshapes/BarrelJack_Horizontal.wrl
      (at (xyz 0 0 0))
      (scale (xyz 1 1 1))
      (rotate (xyz 0 0 0))
    )
  )

  (module misc_standard:XL6009_module_SMT (layer Front) (tedit 569E2A66) (tstamp 6158459B)
    (at 50 46 180)
    (path /6152E5F7)
    (fp_text reference U1 (at -38.375 -16.125) (layer F.SilkS)
      (effects (font (size 1 1) (thickness 0.15)))
    )
    (fp_text value XL6009_module (at -22.9 -7.075) (layer F.Fab)
      (effects (font (size 1 1) (thickness 0.15)))
    )
    (fp_line (start -43.18 -21.082) (end 0 -21.082) (layer F.SilkS) (width 0.15))
    (fp_line (start 0 0) (end 0 -21.082) (layer F.SilkS) (width 0.15))
    (fp_line (start -43.18 0) (end -43.18 -21.082) (layer F.SilkS) (width 0.15))
    (fp_line (start 0 0) (end -43.18 0) (layer F.SilkS) (width 0.15))
    (fp_circle (center -4.064 -10.414) (end -1.016 -11.938) (layer F.SilkS) (width 0.15))
    (fp_circle (center -38.1 -10.922) (end -35.56 -12.446) (layer F.SilkS) (width 0.15))
    (fp_line (start -22.86 -0.762) (end -30.988 -0.762) (layer F.SilkS) (width 0.15))
    (fp_line (start -22.86 -10.922) (end -22.86 -0.762) (layer F.SilkS) (width 0.15))
    (fp_line (start -22.86 -11.938) (end -22.86 -10.414) (layer F.SilkS) (width 0.15))
    (fp_line (start -34.036 -11.938) (end -22.86 -11.938) (layer F.SilkS) (width 0.15))
    (fp_line (start -34.036 -0.762) (end -34.036 -11.938) (layer F.SilkS) (width 0.15))
    (fp_line (start -33.02 -0.762) (end -34.036 -0.762) (layer F.SilkS) (width 0.15))
    (fp_line (start -30.988 -0.762) (end -33.02 -0.762) (layer F.SilkS) (width 0.15))
    (fp_line (start -2.54 -13.97) (end -0.508 -12.446) (layer F.SilkS) (width 0.15))
    (fp_line (start -5.588 -13.97) (end -2.54 -13.97) (layer F.SilkS) (width 0.15))
    (fp_line (start -7.62 -12.446) (end -5.588 -13.97) (layer F.SilkS) (width 0.15))
    (fp_line (start -7.62 -6.858) (end -7.62 -12.446) (layer F.SilkS) (width 0.15))
    (fp_line (start -0.508 -6.858) (end -7.62 -6.858) (layer F.SilkS) (width 0.15))
    (fp_line (start -0.508 -12.446) (end -0.508 -6.858) (layer F.SilkS) (width 0.15))
    (fp_line (start -41.148 -12.446) (end -41.148 -7.874) (layer F.SilkS) (width 0.15))
    (fp_line (start -39.624 -13.97) (end -41.148 -12.446) (layer F.SilkS) (width 0.15))
    (fp_line (start -36.576 -13.97) (end -39.624 -13.97) (layer F.SilkS) (width 0.15))
    (fp_line (start -35.052 -12.446) (end -36.576 -13.97) (layer F.SilkS) (width 0.15))
    (fp_line (start -35.052 -7.874) (end -35.052 -12.446) (layer F.SilkS) (width 0.15))
    (fp_line (start -41.148 -7.874) (end -35.052 -7.874) (layer F.SilkS) (width 0.15))
    (fp_line (start -22.352 -19.558) (end -31.496 -19.558) (layer F.SilkS) (width 0.15))
    (fp_line (start -22.352 -16.002) (end -22.352 -19.558) (layer F.SilkS) (width 0.15))
    (fp_line (start -22.86 -16.002) (end -22.352 -16.002) (layer F.SilkS) (width 0.15))
    (fp_line (start -22.86 -16.51) (end -22.86 -16.002) (layer F.SilkS) (width 0.15))
    (fp_line (start -30.988 -16.51) (end -22.86 -16.51) (layer F.SilkS) (width 0.15))
    (fp_line (start -30.988 -16.002) (end -30.988 -16.51) (layer F.SilkS) (width 0.15))
    (fp_line (start -31.496 -16.002) (end -30.988 -16.002) (layer F.SilkS) (width 0.15))
    (fp_line (start -31.496 -19.558) (end -31.496 -16.002) (layer F.SilkS) (width 0.15))
    (fp_circle (center -30.48 -18.034) (end -29.972 -18.542) (layer F.SilkS) (width 0.15))
    (fp_line (start -30.988 -17.526) (end -29.972 -18.542) (layer F.SilkS) (width 0.15))
    (fp_line (start -11.176 -17.018) (end -15.24 -19.05) (layer F.SilkS) (width 0.15))
    (fp_line (start -15.24 -14.986) (end -11.176 -17.018) (layer F.SilkS) (width 0.15))
    (fp_line (start -15.24 -19.05) (end -15.24 -14.986) (layer F.SilkS) (width 0.15))
    (fp_line (start -11.176 -19.05) (end -11.176 -14.986) (layer F.SilkS) (width 0.15))
    (fp_circle (center -36.576 -18.542) (end -36.576 -20.066) (layer F.SilkS) (width 0.15))
    (fp_circle (center -36.576 -18.542) (end -37.084 -20.574) (layer F.SilkS) (width 0.15))
    (fp_circle (center -6.604 -2.54) (end -6.604 -1.016) (layer F.SilkS) (width 0.15))
    (fp_circle (center -6.604 -2.54) (end -5.842 -0.508) (layer F.SilkS) (width 0.15))
    (pad "" thru_hole circle (at -25.2 -18 180) (size 1.5 1.5) (drill 1.25) (layers *.Cu *.Mask F.SilkS))
    (pad "" thru_hole circle (at -27.8 -18 180) (size 1.5 1.5) (drill 1.25) (layers *.Cu *.Mask F.SilkS))
    (pad 1 smd rect (at -41.3258 -19.1516 180) (size 3.8 4) (layers Front F.Paste F.Mask)
      (net 3 +VDC))
    (pad 2 smd rect (at -41.3258 -1.9812 180) (size 3.8 4) (layers Front F.Paste F.Mask)
      (net 2 GND))
    (pad 3 smd rect (at -1.8542 -1.9812 180) (size 3.8 4) (layers Front F.Paste F.Mask)
      (net 5 VCC1))
    (pad 4 smd rect (at -1.8542 -19.1262 180) (size 3.8 4) (layers Front F.Paste F.Mask)
      (net 4 GND1))
    (pad "" thru_hole circle (at -30.3 -18 180) (size 1.5 1.5) (drill 1.25) (layers *.Cu *.Mask F.SilkS))
  )

  (module Capacitor_SMD:C_0805_2012Metric_Pad1.18x1.45mm_HandSolder (layer Front) (tedit 5F68FEEF) (tstamp 61583CE2)
    (at 22 71.5 270)
    (descr "Capacitor SMD 0805 (2012 Metric), square (rectangular) end terminal, IPC_7351 nominal with elongated pad for handsoldering. (Body size source: IPC-SM-782 page 76, https://www.pcb-3d.com/wordpress/wp-content/uploads/ipc-sm-782a_amendment_1_and_2.pdf, https://docs.google.com/spreadsheets/d/1BsfQQcO9C6DZCsRaXUlFlo91Tg2WpOkGARC1WS5S8t0/edit?usp=sharing), generated with kicad-footprint-generator")
    (tags "capacitor handsolder")
    (path /615CD2CE)
    (attr smd)
    (fp_text reference C1 (at 0 -1.68 90) (layer F.SilkS)
      (effects (font (size 1 1) (thickness 0.15)))
    )
    (fp_text value "100n 50V" (at 0 1.68 90) (layer F.Fab)
      (effects (font (size 1 1) (thickness 0.15)))
    )
    (fp_line (start 1.88 0.98) (end -1.88 0.98) (layer F.CrtYd) (width 0.05))
    (fp_line (start 1.88 -0.98) (end 1.88 0.98) (layer F.CrtYd) (width 0.05))
    (fp_line (start -1.88 -0.98) (end 1.88 -0.98) (layer F.CrtYd) (width 0.05))
    (fp_line (start -1.88 0.98) (end -1.88 -0.98) (layer F.CrtYd) (width 0.05))
    (fp_line (start -0.261252 0.735) (end 0.261252 0.735) (layer F.SilkS) (width 0.12))
    (fp_line (start -0.261252 -0.735) (end 0.261252 -0.735) (layer F.SilkS) (width 0.12))
    (fp_line (start 1 0.625) (end -1 0.625) (layer F.Fab) (width 0.1))
    (fp_line (start 1 -0.625) (end 1 0.625) (layer F.Fab) (width 0.1))
    (fp_line (start -1 -0.625) (end 1 -0.625) (layer F.Fab) (width 0.1))
    (fp_line (start -1 0.625) (end -1 -0.625) (layer F.Fab) (width 0.1))
    (fp_text user %R (at 0 0 90) (layer F.Fab)
      (effects (font (size 0.5 0.5) (thickness 0.08)))
    )
    (pad 1 smd roundrect (at -1.0375 0 270) (size 1.175 1.45) (layers Front F.Paste F.Mask) (roundrect_rratio 0.212766)
      (net 1 +BATT))
    (pad 2 smd roundrect (at 1.0375 0 270) (size 1.175 1.45) (layers Front F.Paste F.Mask) (roundrect_rratio 0.212766)
      (net 2 GND))
    (model ${KISYS3DMOD}/Capacitor_SMD.3dshapes/C_0805_2012Metric.wrl
      (at (xyz 0 0 0))
      (scale (xyz 1 1 1))
      (rotate (xyz 0 0 0))
    )
  )

  (module Capacitor_SMD:C_1206_3216Metric_Pad1.33x1.80mm_HandSolder (layer Front) (tedit 5F68FEEF) (tstamp 61583C94)
    (at 26 72 270)
    (descr "Capacitor SMD 1206 (3216 Metric), square (rectangular) end terminal, IPC_7351 nominal with elongated pad for handsoldering. (Body size source: IPC-SM-782 page 76, https://www.pcb-3d.com/wordpress/wp-content/uploads/ipc-sm-782a_amendment_1_and_2.pdf), generated with kicad-footprint-generator")
    (tags "capacitor handsolder")
    (path /615CC7DC)
    (attr smd)
    (fp_text reference C2 (at 0 -1.85 90) (layer F.SilkS)
      (effects (font (size 1 1) (thickness 0.15)))
    )
    (fp_text value "10u 50V" (at 0 1.85 90) (layer F.Fab)
      (effects (font (size 1 1) (thickness 0.15)))
    )
    (fp_text user %R (at 0 0 90) (layer F.Fab)
      (effects (font (size 0.8 0.8) (thickness 0.12)))
    )
    (fp_line (start -1.6 0.8) (end -1.6 -0.8) (layer F.Fab) (width 0.1))
    (fp_line (start -1.6 -0.8) (end 1.6 -0.8) (layer F.Fab) (width 0.1))
    (fp_line (start 1.6 -0.8) (end 1.6 0.8) (layer F.Fab) (width 0.1))
    (fp_line (start 1.6 0.8) (end -1.6 0.8) (layer F.Fab) (width 0.1))
    (fp_line (start -0.711252 -0.91) (end 0.711252 -0.91) (layer F.SilkS) (width 0.12))
    (fp_line (start -0.711252 0.91) (end 0.711252 0.91) (layer F.SilkS) (width 0.12))
    (fp_line (start -2.48 1.15) (end -2.48 -1.15) (layer F.CrtYd) (width 0.05))
    (fp_line (start -2.48 -1.15) (end 2.48 -1.15) (layer F.CrtYd) (width 0.05))
    (fp_line (start 2.48 -1.15) (end 2.48 1.15) (layer F.CrtYd) (width 0.05))
    (fp_line (start 2.48 1.15) (end -2.48 1.15) (layer F.CrtYd) (width 0.05))
    (pad 2 smd roundrect (at 1.5625 0 270) (size 1.325 1.8) (layers Front F.Paste F.Mask) (roundrect_rratio 0.188679)
      (net 2 GND))
    (pad 1 smd roundrect (at -1.5625 0 270) (size 1.325 1.8) (layers Front F.Paste F.Mask) (roundrect_rratio 0.188679)
      (net 1 +BATT))
    (model ${KISYS3DMOD}/Capacitor_SMD.3dshapes/C_1206_3216Metric.wrl
      (at (xyz 0 0 0))
      (scale (xyz 1 1 1))
      (rotate (xyz 0 0 0))
    )
  )

  (module Capacitor_SMD:C_0805_2012Metric_Pad1.18x1.45mm_HandSolder (layer Front) (tedit 5F68FEEF) (tstamp 61583C4F)
    (at 90.25 71 180)
    (descr "Capacitor SMD 0805 (2012 Metric), square (rectangular) end terminal, IPC_7351 nominal with elongated pad for handsoldering. (Body size source: IPC-SM-782 page 76, https://www.pcb-3d.com/wordpress/wp-content/uploads/ipc-sm-782a_amendment_1_and_2.pdf, https://docs.google.com/spreadsheets/d/1BsfQQcO9C6DZCsRaXUlFlo91Tg2WpOkGARC1WS5S8t0/edit?usp=sharing), generated with kicad-footprint-generator")
    (tags "capacitor handsolder")
    (path /615B6251)
    (attr smd)
    (fp_text reference C3 (at 0 -1.68) (layer F.SilkS)
      (effects (font (size 1 1) (thickness 0.15)))
    )
    (fp_text value "100n 50V" (at 0 1.68) (layer F.Fab)
      (effects (font (size 1 1) (thickness 0.15)))
    )
    (fp_text user %R (at 0 0) (layer F.Fab)
      (effects (font (size 0.5 0.5) (thickness 0.08)))
    )
    (fp_line (start -1 0.625) (end -1 -0.625) (layer F.Fab) (width 0.1))
    (fp_line (start -1 -0.625) (end 1 -0.625) (layer F.Fab) (width 0.1))
    (fp_line (start 1 -0.625) (end 1 0.625) (layer F.Fab) (width 0.1))
    (fp_line (start 1 0.625) (end -1 0.625) (layer F.Fab) (width 0.1))
    (fp_line (start -0.261252 -0.735) (end 0.261252 -0.735) (layer F.SilkS) (width 0.12))
    (fp_line (start -0.261252 0.735) (end 0.261252 0.735) (layer F.SilkS) (width 0.12))
    (fp_line (start -1.88 0.98) (end -1.88 -0.98) (layer F.CrtYd) (width 0.05))
    (fp_line (start -1.88 -0.98) (end 1.88 -0.98) (layer F.CrtYd) (width 0.05))
    (fp_line (start 1.88 -0.98) (end 1.88 0.98) (layer F.CrtYd) (width 0.05))
    (fp_line (start 1.88 0.98) (end -1.88 0.98) (layer F.CrtYd) (width 0.05))
    (pad 2 smd roundrect (at 1.0375 0 180) (size 1.175 1.45) (layers Front F.Paste F.Mask) (roundrect_rratio 0.212766)
      (net 2 GND))
    (pad 1 smd roundrect (at -1.0375 0 180) (size 1.175 1.45) (layers Front F.Paste F.Mask) (roundrect_rratio 0.212766)
      (net 3 +VDC))
    (model ${KISYS3DMOD}/Capacitor_SMD.3dshapes/C_0805_2012Metric.wrl
      (at (xyz 0 0 0))
      (scale (xyz 1 1 1))
      (rotate (xyz 0 0 0))
    )
  )

  (module Capacitor_SMD:C_1206_3216Metric_Pad1.33x1.80mm_HandSolder (layer Front) (tedit 5F68FEEF) (tstamp 61583BF8)
    (at 30.25 72 270)
    (descr "Capacitor SMD 1206 (3216 Metric), square (rectangular) end terminal, IPC_7351 nominal with elongated pad for handsoldering. (Body size source: IPC-SM-782 page 76, https://www.pcb-3d.com/wordpress/wp-content/uploads/ipc-sm-782a_amendment_1_and_2.pdf), generated with kicad-footprint-generator")
    (tags "capacitor handsolder")
    (path /615F4D2F)
    (attr smd)
    (fp_text reference C4 (at 0 -1.85 90) (layer F.SilkS)
      (effects (font (size 1 1) (thickness 0.15)))
    )
    (fp_text value "10u 50V" (at 0 1.85 90) (layer F.Fab)
      (effects (font (size 1 1) (thickness 0.15)))
    )
    (fp_line (start 2.48 1.15) (end -2.48 1.15) (layer F.CrtYd) (width 0.05))
    (fp_line (start 2.48 -1.15) (end 2.48 1.15) (layer F.CrtYd) (width 0.05))
    (fp_line (start -2.48 -1.15) (end 2.48 -1.15) (layer F.CrtYd) (width 0.05))
    (fp_line (start -2.48 1.15) (end -2.48 -1.15) (layer F.CrtYd) (width 0.05))
    (fp_line (start -0.711252 0.91) (end 0.711252 0.91) (layer F.SilkS) (width 0.12))
    (fp_line (start -0.711252 -0.91) (end 0.711252 -0.91) (layer F.SilkS) (width 0.12))
    (fp_line (start 1.6 0.8) (end -1.6 0.8) (layer F.Fab) (width 0.1))
    (fp_line (start 1.6 -0.8) (end 1.6 0.8) (layer F.Fab) (width 0.1))
    (fp_line (start -1.6 -0.8) (end 1.6 -0.8) (layer F.Fab) (width 0.1))
    (fp_line (start -1.6 0.8) (end -1.6 -0.8) (layer F.Fab) (width 0.1))
    (fp_text user %R (at 0 0 90) (layer F.Fab)
      (effects (font (size 0.8 0.8) (thickness 0.12)))
    )
    (pad 1 smd roundrect (at -1.5625 0 270) (size 1.325 1.8) (layers Front F.Paste F.Mask) (roundrect_rratio 0.188679)
      (net 1 +BATT))
    (pad 2 smd roundrect (at 1.5625 0 270) (size 1.325 1.8) (layers Front F.Paste F.Mask) (roundrect_rratio 0.188679)
      (net 2 GND))
    (model ${KISYS3DMOD}/Capacitor_SMD.3dshapes/C_1206_3216Metric.wrl
      (at (xyz 0 0 0))
      (scale (xyz 1 1 1))
      (rotate (xyz 0 0 0))
    )
  )

  (module Capacitor_SMD:C_1206_3216Metric_Pad1.33x1.80mm_HandSolder (layer Front) (tedit 5F68FEEF) (tstamp 61583BB9)
    (at 89.5 74.75 180)
    (descr "Capacitor SMD 1206 (3216 Metric), square (rectangular) end terminal, IPC_7351 nominal with elongated pad for handsoldering. (Body size source: IPC-SM-782 page 76, https://www.pcb-3d.com/wordpress/wp-content/uploads/ipc-sm-782a_amendment_1_and_2.pdf), generated with kicad-footprint-generator")
    (tags "capacitor handsolder")
    (path /615F510C)
    (attr smd)
    (fp_text reference C5 (at 0 -1.85) (layer F.SilkS)
      (effects (font (size 1 1) (thickness 0.15)))
    )
    (fp_text value "10u 50V" (at 0 1.85) (layer F.Fab)
      (effects (font (size 1 1) (thickness 0.15)))
    )
    (fp_text user %R (at 0 0) (layer F.Fab)
      (effects (font (size 0.8 0.8) (thickness 0.12)))
    )
    (fp_line (start -1.6 0.8) (end -1.6 -0.8) (layer F.Fab) (width 0.1))
    (fp_line (start -1.6 -0.8) (end 1.6 -0.8) (layer F.Fab) (width 0.1))
    (fp_line (start 1.6 -0.8) (end 1.6 0.8) (layer F.Fab) (width 0.1))
    (fp_line (start 1.6 0.8) (end -1.6 0.8) (layer F.Fab) (width 0.1))
    (fp_line (start -0.711252 -0.91) (end 0.711252 -0.91) (layer F.SilkS) (width 0.12))
    (fp_line (start -0.711252 0.91) (end 0.711252 0.91) (layer F.SilkS) (width 0.12))
    (fp_line (start -2.48 1.15) (end -2.48 -1.15) (layer F.CrtYd) (width 0.05))
    (fp_line (start -2.48 -1.15) (end 2.48 -1.15) (layer F.CrtYd) (width 0.05))
    (fp_line (start 2.48 -1.15) (end 2.48 1.15) (layer F.CrtYd) (width 0.05))
    (fp_line (start 2.48 1.15) (end -2.48 1.15) (layer F.CrtYd) (width 0.05))
    (pad 2 smd roundrect (at 1.5625 0 180) (size 1.325 1.8) (layers Front F.Paste F.Mask) (roundrect_rratio 0.188679)
      (net 2 GND))
    (pad 1 smd roundrect (at -1.5625 0 180) (size 1.325 1.8) (layers Front F.Paste F.Mask) (roundrect_rratio 0.188679)
      (net 3 +VDC))
    (model ${KISYS3DMOD}/Capacitor_SMD.3dshapes/C_1206_3216Metric.wrl
      (at (xyz 0 0 0))
      (scale (xyz 1 1 1))
      (rotate (xyz 0 0 0))
    )
  )

  (module Capacitor_SMD:C_1206_3216Metric_Pad1.33x1.80mm_HandSolder (layer Front) (tedit 5F68FEEF) (tstamp 61583B7A)
    (at 89.5 78.75 180)
    (descr "Capacitor SMD 1206 (3216 Metric), square (rectangular) end terminal, IPC_7351 nominal with elongated pad for handsoldering. (Body size source: IPC-SM-782 page 76, https://www.pcb-3d.com/wordpress/wp-content/uploads/ipc-sm-782a_amendment_1_and_2.pdf), generated with kicad-footprint-generator")
    (tags "capacitor handsolder")
    (path /615F8C6F)
    (attr smd)
    (fp_text reference C6 (at 0 -1.85) (layer F.SilkS)
      (effects (font (size 1 1) (thickness 0.15)))
    )
    (fp_text value "10u 50V" (at 0 1.85) (layer F.Fab)
      (effects (font (size 1 1) (thickness 0.15)))
    )
    (fp_line (start 2.48 1.15) (end -2.48 1.15) (layer F.CrtYd) (width 0.05))
    (fp_line (start 2.48 -1.15) (end 2.48 1.15) (layer F.CrtYd) (width 0.05))
    (fp_line (start -2.48 -1.15) (end 2.48 -1.15) (layer F.CrtYd) (width 0.05))
    (fp_line (start -2.48 1.15) (end -2.48 -1.15) (layer F.CrtYd) (width 0.05))
    (fp_line (start -0.711252 0.91) (end 0.711252 0.91) (layer F.SilkS) (width 0.12))
    (fp_line (start -0.711252 -0.91) (end 0.711252 -0.91) (layer F.SilkS) (width 0.12))
    (fp_line (start 1.6 0.8) (end -1.6 0.8) (layer F.Fab) (width 0.1))
    (fp_line (start 1.6 -0.8) (end 1.6 0.8) (layer F.Fab) (width 0.1))
    (fp_line (start -1.6 -0.8) (end 1.6 -0.8) (layer F.Fab) (width 0.1))
    (fp_line (start -1.6 0.8) (end -1.6 -0.8) (layer F.Fab) (width 0.1))
    (fp_text user %R (at 0 0) (layer F.Fab)
      (effects (font (size 0.8 0.8) (thickness 0.12)))
    )
    (pad 1 smd roundrect (at -1.5625 0 180) (size 1.325 1.8) (layers Front F.Paste F.Mask) (roundrect_rratio 0.188679)
      (net 3 +VDC))
    (pad 2 smd roundrect (at 1.5625 0 180) (size 1.325 1.8) (layers Front F.Paste F.Mask) (roundrect_rratio 0.188679)
      (net 2 GND))
    (model ${KISYS3DMOD}/Capacitor_SMD.3dshapes/C_1206_3216Metric.wrl
      (at (xyz 0 0 0))
      (scale (xyz 1 1 1))
      (rotate (xyz 0 0 0))
    )
  )

  (module Capacitor_SMD:C_0805_2012Metric_Pad1.18x1.45mm_HandSolder (layer Front) (tedit 5F68FEEF) (tstamp 61584114)
    (at 45 49.9625 270)
    (descr "Capacitor SMD 0805 (2012 Metric), square (rectangular) end terminal, IPC_7351 nominal with elongated pad for handsoldering. (Body size source: IPC-SM-782 page 76, https://www.pcb-3d.com/wordpress/wp-content/uploads/ipc-sm-782a_amendment_1_and_2.pdf, https://docs.google.com/spreadsheets/d/1BsfQQcO9C6DZCsRaXUlFlo91Tg2WpOkGARC1WS5S8t0/edit?usp=sharing), generated with kicad-footprint-generator")
    (tags "capacitor handsolder")
    (path /615B29CB)
    (attr smd)
    (fp_text reference C7 (at 0 -1.68 90) (layer F.SilkS)
      (effects (font (size 1 1) (thickness 0.15)))
    )
    (fp_text value "100n 50V" (at 0 1.68 90) (layer F.Fab)
      (effects (font (size 1 1) (thickness 0.15)))
    )
    (fp_line (start 1.88 0.98) (end -1.88 0.98) (layer F.CrtYd) (width 0.05))
    (fp_line (start 1.88 -0.98) (end 1.88 0.98) (layer F.CrtYd) (width 0.05))
    (fp_line (start -1.88 -0.98) (end 1.88 -0.98) (layer F.CrtYd) (width 0.05))
    (fp_line (start -1.88 0.98) (end -1.88 -0.98) (layer F.CrtYd) (width 0.05))
    (fp_line (start -0.261252 0.735) (end 0.261252 0.735) (layer F.SilkS) (width 0.12))
    (fp_line (start -0.261252 -0.735) (end 0.261252 -0.735) (layer F.SilkS) (width 0.12))
    (fp_line (start 1 0.625) (end -1 0.625) (layer F.Fab) (width 0.1))
    (fp_line (start 1 -0.625) (end 1 0.625) (layer F.Fab) (width 0.1))
    (fp_line (start -1 -0.625) (end 1 -0.625) (layer F.Fab) (width 0.1))
    (fp_line (start -1 0.625) (end -1 -0.625) (layer F.Fab) (width 0.1))
    (fp_text user %R (at 0 0 90) (layer F.Fab)
      (effects (font (size 0.5 0.5) (thickness 0.08)))
    )
    (pad 1 smd roundrect (at -1.0375 0 270) (size 1.175 1.45) (layers Front F.Paste F.Mask) (roundrect_rratio 0.212766)
      (net 5 VCC1))
    (pad 2 smd roundrect (at 1.0375 0 270) (size 1.175 1.45) (layers Front F.Paste F.Mask) (roundrect_rratio 0.212766)
      (net 4 GND1))
    (model ${KISYS3DMOD}/Capacitor_SMD.3dshapes/C_0805_2012Metric.wrl
      (at (xyz 0 0 0))
      (scale (xyz 1 1 1))
      (rotate (xyz 0 0 0))
    )
  )

  (module Capacitor_SMD:C_1206_3216Metric_Pad1.33x1.80mm_HandSolder (layer Front) (tedit 5F68FEEF) (tstamp 61583D12)
    (at 23.75 46 270)
    (descr "Capacitor SMD 1206 (3216 Metric), square (rectangular) end terminal, IPC_7351 nominal with elongated pad for handsoldering. (Body size source: IPC-SM-782 page 76, https://www.pcb-3d.com/wordpress/wp-content/uploads/ipc-sm-782a_amendment_1_and_2.pdf), generated with kicad-footprint-generator")
    (tags "capacitor handsolder")
    (path /615F8ED6)
    (attr smd)
    (fp_text reference C8 (at 0 -1.85 90) (layer F.SilkS)
      (effects (font (size 1 1) (thickness 0.15)))
    )
    (fp_text value "10u 50V" (at 0 1.85 90) (layer F.Fab)
      (effects (font (size 1 1) (thickness 0.15)))
    )
    (fp_text user %R (at 0 0 90) (layer F.Fab)
      (effects (font (size 0.8 0.8) (thickness 0.12)))
    )
    (fp_line (start -1.6 0.8) (end -1.6 -0.8) (layer F.Fab) (width 0.1))
    (fp_line (start -1.6 -0.8) (end 1.6 -0.8) (layer F.Fab) (width 0.1))
    (fp_line (start 1.6 -0.8) (end 1.6 0.8) (layer F.Fab) (width 0.1))
    (fp_line (start 1.6 0.8) (end -1.6 0.8) (layer F.Fab) (width 0.1))
    (fp_line (start -0.711252 -0.91) (end 0.711252 -0.91) (layer F.SilkS) (width 0.12))
    (fp_line (start -0.711252 0.91) (end 0.711252 0.91) (layer F.SilkS) (width 0.12))
    (fp_line (start -2.48 1.15) (end -2.48 -1.15) (layer F.CrtYd) (width 0.05))
    (fp_line (start -2.48 -1.15) (end 2.48 -1.15) (layer F.CrtYd) (width 0.05))
    (fp_line (start 2.48 -1.15) (end 2.48 1.15) (layer F.CrtYd) (width 0.05))
    (fp_line (start 2.48 1.15) (end -2.48 1.15) (layer F.CrtYd) (width 0.05))
    (pad 2 smd roundrect (at 1.5625 0 270) (size 1.325 1.8) (layers Front F.Paste F.Mask) (roundrect_rratio 0.188679)
      (net 4 GND1))
    (pad 1 smd roundrect (at -1.5625 0 270) (size 1.325 1.8) (layers Front F.Paste F.Mask) (roundrect_rratio 0.188679)
      (net 5 VCC1))
    (model ${KISYS3DMOD}/Capacitor_SMD.3dshapes/C_1206_3216Metric.wrl
      (at (xyz 0 0 0))
      (scale (xyz 1 1 1))
      (rotate (xyz 0 0 0))
    )
  )

  (module Capacitor_SMD:C_0805_2012Metric_Pad1.18x1.45mm_HandSolder (layer Front) (tedit 5F68FEEF) (tstamp 61583F22)
    (at 49.5 73.5 90)
    (descr "Capacitor SMD 0805 (2012 Metric), square (rectangular) end terminal, IPC_7351 nominal with elongated pad for handsoldering. (Body size source: IPC-SM-782 page 76, https://www.pcb-3d.com/wordpress/wp-content/uploads/ipc-sm-782a_amendment_1_and_2.pdf, https://docs.google.com/spreadsheets/d/1BsfQQcO9C6DZCsRaXUlFlo91Tg2WpOkGARC1WS5S8t0/edit?usp=sharing), generated with kicad-footprint-generator")
    (tags "capacitor handsolder")
    (path /6158311A)
    (attr smd)
    (fp_text reference C9 (at 0 -1.68 90) (layer F.SilkS)
      (effects (font (size 1 1) (thickness 0.15)))
    )
    (fp_text value "100n 50V" (at 0 1.68 90) (layer F.Fab)
      (effects (font (size 1 1) (thickness 0.15)))
    )
    (fp_line (start 1.88 0.98) (end -1.88 0.98) (layer F.CrtYd) (width 0.05))
    (fp_line (start 1.88 -0.98) (end 1.88 0.98) (layer F.CrtYd) (width 0.05))
    (fp_line (start -1.88 -0.98) (end 1.88 -0.98) (layer F.CrtYd) (width 0.05))
    (fp_line (start -1.88 0.98) (end -1.88 -0.98) (layer F.CrtYd) (width 0.05))
    (fp_line (start -0.261252 0.735) (end 0.261252 0.735) (layer F.SilkS) (width 0.12))
    (fp_line (start -0.261252 -0.735) (end 0.261252 -0.735) (layer F.SilkS) (width 0.12))
    (fp_line (start 1 0.625) (end -1 0.625) (layer F.Fab) (width 0.1))
    (fp_line (start 1 -0.625) (end 1 0.625) (layer F.Fab) (width 0.1))
    (fp_line (start -1 -0.625) (end 1 -0.625) (layer F.Fab) (width 0.1))
    (fp_line (start -1 0.625) (end -1 -0.625) (layer F.Fab) (width 0.1))
    (fp_text user %R (at 0 0 90) (layer F.Fab)
      (effects (font (size 0.5 0.5) (thickness 0.08)))
    )
    (pad 1 smd roundrect (at -1.0375 0 90) (size 1.175 1.45) (layers Front F.Paste F.Mask) (roundrect_rratio 0.212766)
      (net 2 GND))
    (pad 2 smd roundrect (at 1.0375 0 90) (size 1.175 1.45) (layers Front F.Paste F.Mask) (roundrect_rratio 0.212766)
      (net 18 "Net-(C9-Pad2)"))
    (model ${KISYS3DMOD}/Capacitor_SMD.3dshapes/C_0805_2012Metric.wrl
      (at (xyz 0 0 0))
      (scale (xyz 1 1 1))
      (rotate (xyz 0 0 0))
    )
  )

  (module Capacitor_SMD:C_1206_3216Metric_Pad1.33x1.80mm_HandSolder (layer Front) (tedit 5F68FEEF) (tstamp 61583EEC)
    (at 28.75 46 270)
    (descr "Capacitor SMD 1206 (3216 Metric), square (rectangular) end terminal, IPC_7351 nominal with elongated pad for handsoldering. (Body size source: IPC-SM-782 page 76, https://www.pcb-3d.com/wordpress/wp-content/uploads/ipc-sm-782a_amendment_1_and_2.pdf), generated with kicad-footprint-generator")
    (tags "capacitor handsolder")
    (path /615F9FD5)
    (attr smd)
    (fp_text reference C10 (at 0 -1.85 90) (layer F.SilkS)
      (effects (font (size 1 1) (thickness 0.15)))
    )
    (fp_text value "10u 50V" (at 0 1.85 90) (layer F.Fab)
      (effects (font (size 1 1) (thickness 0.15)))
    )
    (fp_line (start 2.48 1.15) (end -2.48 1.15) (layer F.CrtYd) (width 0.05))
    (fp_line (start 2.48 -1.15) (end 2.48 1.15) (layer F.CrtYd) (width 0.05))
    (fp_line (start -2.48 -1.15) (end 2.48 -1.15) (layer F.CrtYd) (width 0.05))
    (fp_line (start -2.48 1.15) (end -2.48 -1.15) (layer F.CrtYd) (width 0.05))
    (fp_line (start -0.711252 0.91) (end 0.711252 0.91) (layer F.SilkS) (width 0.12))
    (fp_line (start -0.711252 -0.91) (end 0.711252 -0.91) (layer F.SilkS) (width 0.12))
    (fp_line (start 1.6 0.8) (end -1.6 0.8) (layer F.Fab) (width 0.1))
    (fp_line (start 1.6 -0.8) (end 1.6 0.8) (layer F.Fab) (width 0.1))
    (fp_line (start -1.6 -0.8) (end 1.6 -0.8) (layer F.Fab) (width 0.1))
    (fp_line (start -1.6 0.8) (end -1.6 -0.8) (layer F.Fab) (width 0.1))
    (fp_text user %R (at 0 0 90) (layer F.Fab)
      (effects (font (size 0.8 0.8) (thickness 0.12)))
    )
    (pad 1 smd roundrect (at -1.5625 0 270) (size 1.325 1.8) (layers Front F.Paste F.Mask) (roundrect_rratio 0.188679)
      (net 5 VCC1))
    (pad 2 smd roundrect (at 1.5625 0 270) (size 1.325 1.8) (layers Front F.Paste F.Mask) (roundrect_rratio 0.188679)
      (net 4 GND1))
    (model ${KISYS3DMOD}/Capacitor_SMD.3dshapes/C_1206_3216Metric.wrl
      (at (xyz 0 0 0))
      (scale (xyz 1 1 1))
      (rotate (xyz 0 0 0))
    )
  )

  (module Diode_SMD:D_MELF (layer Front) (tedit 5905D864) (tstamp 61583EAB)
    (at 58.25 80.75)
    (descr "Diode, MELF,,")
    (tags "Diode MELF ")
    (path /6151E343)
    (attr smd)
    (fp_text reference D1 (at 4.75 -1) (layer F.SilkS)
      (effects (font (size 1 1) (thickness 0.15)))
    )
    (fp_text value 3.3V (at -0.25 2.5) (layer F.Fab)
      (effects (font (size 1 1) (thickness 0.15)))
    )
    (fp_line (start -3.4 1.6) (end -3.4 -1.6) (layer F.CrtYd) (width 0.05))
    (fp_line (start 3.4 1.6) (end -3.4 1.6) (layer F.CrtYd) (width 0.05))
    (fp_line (start 3.4 -1.6) (end 3.4 1.6) (layer F.CrtYd) (width 0.05))
    (fp_line (start -3.4 -1.6) (end 3.4 -1.6) (layer F.CrtYd) (width 0.05))
    (fp_line (start -0.64944 0.00102) (end 0.50118 -0.79908) (layer F.Fab) (width 0.1))
    (fp_line (start -0.64944 0.00102) (end 0.50118 0.75032) (layer F.Fab) (width 0.1))
    (fp_line (start 0.50118 0.75032) (end 0.50118 -0.79908) (layer F.Fab) (width 0.1))
    (fp_line (start -0.64944 -0.79908) (end -0.64944 0.80112) (layer F.Fab) (width 0.1))
    (fp_line (start 0.50118 0.00102) (end 1.4994 0.00102) (layer F.Fab) (width 0.1))
    (fp_line (start -0.64944 0.00102) (end -1.55114 0.00102) (layer F.Fab) (width 0.1))
    (fp_line (start 2.6 1.3) (end 2.6 -1.3) (layer F.Fab) (width 0.1))
    (fp_line (start -2.6 1.3) (end 2.6 1.3) (layer F.Fab) (width 0.1))
    (fp_line (start -2.6 -1.3) (end -2.6 1.3) (layer F.Fab) (width 0.1))
    (fp_line (start 2.6 -1.3) (end -2.6 -1.3) (layer F.Fab) (width 0.1))
    (fp_line (start -3.3 1.5) (end 2.4 1.5) (layer F.SilkS) (width 0.12))
    (fp_line (start -3.3 -1.5) (end -3.3 1.5) (layer F.SilkS) (width 0.12))
    (fp_line (start 2.4 -1.5) (end -3.3 -1.5) (layer F.SilkS) (width 0.12))
    (fp_text user %R (at 0 -2.5) (layer F.Fab)
      (effects (font (size 1 1) (thickness 0.15)))
    )
    (pad 1 smd rect (at -2.4 0) (size 1.5 2.7) (layers Front F.Paste F.Mask)
      (net 6 "Net-(D1-Pad1)"))
    (pad 2 smd rect (at 2.4 0) (size 1.5 2.7) (layers Front F.Paste F.Mask)
      (net 2 GND))
    (model ${KISYS3DMOD}/Diode_SMD.3dshapes/D_MELF.wrl
      (at (xyz 0 0 0))
      (scale (xyz 1 1 1))
      (rotate (xyz 0 0 0))
    )
  )

  (module Connector_AMASS:AMASS_XT60-F_1x02_P7.20mm_Vertical (layer Front) (tedit 5D6C1D2C) (tstamp 61583E64)
    (at 21.75 92.75 90)
    (descr "AMASS female XT60, through hole, vertical, https://www.tme.eu/Document/2d152ced3b7a446066e6c419d84bb460/XT60%20SPEC.pdf")
    (tags "XT60 female vertical")
    (path /615244F3)
    (fp_text reference J1 (at 3.6 -5.3 270) (layer F.SilkS)
      (effects (font (size 1 1) (thickness 0.15)))
    )
    (fp_text value XT60 (at 3.6 5.4 90) (layer F.Fab)
      (effects (font (size 1 1) (thickness 0.15)))
    )
    (fp_line (start -1.6 -4.6) (end 11.85 -4.6) (layer F.CrtYd) (width 0.05))
    (fp_line (start -4.65 -1.85) (end -1.6 -4.6) (layer F.CrtYd) (width 0.05))
    (fp_line (start -4.65 1.85) (end -4.65 -1.85) (layer F.CrtYd) (width 0.05))
    (fp_line (start -1.6 4.6) (end -4.65 1.85) (layer F.CrtYd) (width 0.05))
    (fp_line (start 11.85 4.6) (end -1.6 4.6) (layer F.CrtYd) (width 0.05))
    (fp_line (start 11.85 -4.6) (end 11.85 4.6) (layer F.CrtYd) (width 0.05))
    (fp_line (start 11.35 4.05) (end 11.35 -4.05) (layer F.Fab) (width 0.12))
    (fp_line (start -1.4 4.05) (end 11.35 4.05) (layer F.Fab) (width 0.12))
    (fp_line (start -4.15 1.55) (end -1.4 4.05) (layer F.Fab) (width 0.12))
    (fp_line (start -4.15 -1.55) (end -4.15 1.55) (layer F.Fab) (width 0.12))
    (fp_line (start -1.4 -4.05) (end -4.15 -1.55) (layer F.Fab) (width 0.12))
    (fp_line (start 11.35 -4.05) (end -1.4 -4.05) (layer F.Fab) (width 0.12))
    (fp_line (start -4.25 1.55) (end -1.4 4.15) (layer F.SilkS) (width 0.12))
    (fp_line (start -1.4 -4.15) (end -4.25 -1.6) (layer F.SilkS) (width 0.12))
    (fp_line (start 11.45 4.15) (end 11.45 -4.15) (layer F.SilkS) (width 0.12))
    (fp_line (start -1.4 4.15) (end 11.45 4.15) (layer F.SilkS) (width 0.12))
    (fp_line (start -4.25 -1.6) (end -4.25 1.55) (layer F.SilkS) (width 0.12))
    (fp_line (start 11.45 -4.15) (end -1.4 -4.15) (layer F.SilkS) (width 0.12))
    (fp_text user %R (at 3.6 0.05 90) (layer F.Fab)
      (effects (font (size 1 1) (thickness 0.15)))
    )
    (pad 2 thru_hole circle (at 7.2 0 90) (size 6 6) (drill 4.5) (layers *.Cu *.Mask)
      (net 1 +BATT))
    (pad 1 thru_hole roundrect (at 0 0 90) (size 6 6) (drill 4.5) (layers *.Cu *.Mask) (roundrect_rratio 0.25)
      (net 2 GND))
    (model ${KISYS3DMOD}/Connector_AMASS.3dshapes/AMASS_XT60-F_1x02_P7.2mm_Vertical.wrl
      (at (xyz 0 0 0))
      (scale (xyz 1 1 1))
      (rotate (xyz 0 0 0))
    )
  )

  (module TerminalBlock:TerminalBlock_bornier-2_P5.08mm (layer Front) (tedit 59FF03AB) (tstamp 61583D8E)
    (at 4 89.75 270)
    (descr "simple 2-pin terminal block, pitch 5.08mm, revamped version of bornier2")
    (tags "terminal block bornier2")
    (path /6171A142)
    (fp_text reference J3 (at 3.25 -5 90) (layer F.SilkS)
      (effects (font (size 1 1) (thickness 0.15)))
    )
    (fp_text value 2_PIN_SCREW (at 2.54 5.08 90) (layer F.Fab)
      (effects (font (size 1 1) (thickness 0.15)))
